resnum,rmsf
2,1.5823039327895925
3,0.918868835659889
4,0.7211908972985684
5,0.8543582934896509
6,0.7697194446569575
7,1.0517098150758928
8,1.1286820754433415
9,1.2898351670251513
10,1.0517340253728074
11,0.8247658185622827
12,0.5262601770463888
13,0.4152959118701824
14,0.4065671054873634
15,0.37470189781202207
16,0.43437434025192634
17,0.4558982009589865
18,0.5665969114381428
19,0.5979532574932543
20,0.8413715887175879
21,1.2088307987185847
22,1.0903109437119722
23,1.3652143354313413
24,1.5870885379246855
25,1.120543690194886
26,0.82096808407607
27,0.7176307238208367
28,0.6733452999612869
29,0.7146464629191102
30,0.6306493169593181
31,0.510332768237842
32,0.5474312523687271
33,0.56025235722184
34,0.4840320544509372
35,0.46540596822732266
36,0.5510802435836052
37,0.516623058388876
38,0.5016105733834711
39,0.40671571471941736
40,0.44484260402062853
41,0.38204045964890393
42,0.4383963818178832
43,0.524498842808023
44,0.7297114311833933
45,1.1369866154604988
46,0.9457944025163648
47,0.9903761689659961
48,0.9789634581720031
49,1.0632352339177347
50,0.8754990068804251
51,0.7159638738592509
52,0.7150674869726437
53,0.7048165737756886
54,0.5877514953624232
55,0.5516558183594374
56,0.5900452960231335
57,0.5401901355239771
58,0.5253874523711074
59,0.618164390883974
60,0.6760319769363572
61,0.6319080578418406
62,0.73599589037799
63,0.9771029130279115
64,1.0568515538667216
65,0.9837350422798764
66,0.9851576096191188
67,0.7796010013408782
68,0.7385648328515904
69,0.57702011264674
70,0.6344162402449529
71,0.6334581406750923
72,0.445198220546086
73,0.37456964533769443
74,0.38274431315363433
75,0.45865993040981934
76,0.4351716423782454
77,0.49158749984182304
78,0.5766126447601749
79,0.7028469092638067
80,0.7498028738132334
81,0.7662252591397254
82,0.719562255288434
83,0.7163205987387851
84,0.7924256881921075
85,0.7822422417529186
86,0.860766336199187
87,0.778505228607014
88,0.6721627444516352
89,0.699522894893826
90,0.7585030886846506
91,0.7196788051626597
92,0.6279480232674515
93,0.635745995008292
94,0.7523472070562109
95,0.676307284152501
96,0.6342891979698642
97,0.7214208101568277
98,0.7416878163932658
99,0.6893382827767525
100,0.7189120219378512
101,0.6388674226438116
102,0.660928240948514
103,0.5243073093914292
104,0.45390391649605816
105,0.3967425623053427
106,0.3993994541066975
107,0.3904531441791525
108,0.40884503738568256
109,0.47169904671969176
110,0.5697162800018856
111,0.6369784220834112
112,0.8016885077692512
113,0.8958285831491545
114,0.8434638712449056
115,0.9072236707031308
116,1.027804313790166
117,1.2368056529157168
118,1.5830758045203681
119,1.8762772072163227
120,1.5430334867815145
121,1.4214569250281233
122,1.2665730805636657
123,1.3247340575770512
124,1.58242285323834
125,1.9445033704824963
126,2.5792124394279012
127,2.4702532488796045
128,2.1133385714210475
129,1.678825287645484
130,1.3106594136121577
131,1.2852580344507476
132,1.1968238626412195
133,1.1142145186149304
134,1.3244596030442388
135,1.0784162932915267
136,0.8497245023132437
137,0.7431794775484856
138,0.7418279854741721
139,0.729287793571986
140,0.6368651553010498
141,0.5749250060348313
142,0.6177746037467935
143,0.6134529188740309
144,0.5338661879650702
145,0.553677191665569
146,0.6349285574684613
147,0.6151615633720743
148,0.5470753965666068
149,0.688871208935811
150,0.8147690891945788
151,0.7910630035282612
152,0.6152515753761507
153,0.5046176057902005
154,0.513297341489919
155,0.5145946336825326
156,0.42724640066467257
157,0.4515370478774775
158,0.4386739339549979
159,0.4937894015693097
160,0.5717805155998363
161,0.7076797932655042
162,1.01079903220229
163,1.1023860762834707
164,1.1718848025437467
165,1.0029436675534777
166,0.8373362483105724
167,0.9573120560972718
168,1.0012389764187068
169,0.8129662524441155
170,0.8954615469861652
171,1.118088115853463
172,1.0439644597777367
173,1.2981238825059602
174,1.2126092899654586
175,0.9047497812276885
176,0.7780414109363204
177,0.6430467264047695
178,0.667856989833834
179,0.551852099726448
180,0.48124661529075863
181,0.4278597117426473
182,0.4691577697408027
183,0.44213975683957263
184,0.5121801074410575
185,0.6543541183876297
186,0.6027157479650417
187,0.51670561712952
188,0.5249526952574819
189,0.6227709113210589
190,0.5849752216475448
191,0.5866456063160217
192,0.6465644080356985
193,0.6683395716994389
194,0.7435781082037342
195,0.6666969624380866
196,0.6207703423681704
197,0.7527089151472891
198,0.773090022094909
199,0.6690847099078512
200,0.8331019778054222
201,0.9809826120014626
202,0.9003933538119895
203,0.8511057562645558
204,0.5971896423452142
205,0.5123707960005581
206,0.4751877944152738
207,0.41115901033933633
208,0.4429347721872545
209,0.7241870690376109
210,0.6545416665635669
211,0.5521876881673929
212,0.6069682734733275
213,0.7835344169858975
214,0.8948200418858627
215,1.1973852264725515
216,1.50755721292104
217,1.565826717536609
218,2.223171351459336
219,2.1597881516011457
220,1.7766940443267512
221,2.1576756063661464
222,2.5733721305180715
223,2.73353621089819
224,2.073317553168967
225,1.949124256790046
226,1.3246797345345553
227,1.070620490990889
228,0.9634579699389494
229,1.1324687519897287
230,1.047939450781429
231,1.125602814538372
232,1.0034313475609715
233,0.8123924744219228
234,0.8588236595343287
235,0.9135089319414593
236,0.7805688966227651
237,0.7405806093712592
238,0.9029327266430344
239,1.015014567376935
240,0.9285144713599568
241,0.8771563408645102
242,0.6751224596924196
243,0.6745650691494028
244,0.64760208827797
245,0.5760772276383938
246,0.49343819986089443
247,0.4834860011254853
248,0.4612009109412231
249,0.4185523469461706
250,0.4501316763131785
251,0.4835274361191677
252,0.49281187795738923
253,0.5793213789770962
254,0.7681865879019647
255,0.9282714186965785
256,0.8343396561130138
257,0.5652746610942787
258,0.40910816180379395
259,0.41633868630602716
260,0.45057846433177096
261,0.5543441524689634
262,0.6678254422108604
263,0.7065765107908498
264,0.7468371115026377
265,0.7647115227105202
266,0.7404455158144408
267,0.7630223174630939
268,0.629871471599965
269,0.5157574207860096
270,0.5675155916846046
271,0.597204354040631
272,0.512177755866388
273,0.4826377736784592
274,0.5493248206941056
275,0.5055132751404159
276,0.6215908404705087
277,0.736858305965035
278,0.7032499647557668
279,0.7520328316250805
280,0.6959784031149371
281,0.8706876947900061
282,0.9634114175188591
283,0.9262363040582271
284,0.7790045049434994
285,0.7255271794502506
286,0.9153873498854879
287,0.8973532782810086
288,0.6938516730027328
289,0.7852568309432032
290,0.9951904817546061
291,0.841506026477586
292,0.7045172124466504
293,0.8607920288531327
294,0.8300674467975088
295,0.8600828667034428
296,0.9179668389374712
297,1.332098505846022
298,2.1235872712078177
299,2.0535145145018903
300,2.503830022483123
301,3.2966199469508033
302,3.2241405491134056
303,2.947745890373766
304,3.542285709128911
305,4.95502515869343
306,4.9621551101674015
307,6.250752168530809
308,5.731628725053631
309,4.019751765697608
310,4.383744939651194
311,4.138188226644967
312,4.138799467138071
313,4.358828605365952
314,5.648886582289976
315,7.014729852775961
